 0  0  150  67  0  0  22  67  0  0  117  3  0  0  0  68 
 0  0  133  67  0  0  133  67  0  0  0  0  0  0  0  68 
 0  0  134  67  0  0  134  67  0  0  0  0  0  0  0  68 
 0  96  135  67  0  96  135  67  0  0  0  0  0  0  0  68 
 0  80  149  67  0  80  149  67  0  0  0  0  0  0  0  68 
 0  0  48  67  0  0  48  67  0  0  0  0  0  0  0  68 
 0  96  34  67  0  96  34  67  0  0  0  0  0  0  0  68 
 0  96  50  67  0  96  50  67  0  0  0  0  0  0  0  68 
 0  16  120  67  0  133  89  20  0  0  158  2  0  0  0  68 
 0  5  120  67  80  135  89  20  0  0  158  2  0  0  0  68 
 0  0  120  67  0  144  89  20  0  0  158  2  0  0  0  68 
 0  149  119  67  80  146  89  20  0  0  158  2  0  0  0  68 
 0  144  119  67  0  149  89  20  0  0  158  2  0  0  0  68 
 255  255  255  255  255  255  255  255  255  255  255  255  255  255  255  255 
 255  255  255  255  255  255  255  255  255  255  255  255  255  255  255  255 
 255  255  255  255  255  255  255  255  255  255  255  255  255  255  255  255 
 255  255  255  255  255  255  255  255  255  255  255  255  255  255  255  255 
 255  255  255  255  255  255  255  255  255  255  255  255  255  255  255  255 
 255  255  255  255  255  255  255  255  255  255  255  255  255  255  255  255 
 255  255  255  255  255  255  255  255  255  255  255  255  255  255  255  255 
 255  255  255  255  255  255  255  255  255  255  255  255  255  255  255  255 
 255  255  255  255  255  255  255  255  255  255  255  255  255  255  255  255 
 255  255  255  255  255  255  255  255  255  255  255  255  255  255  255  255 
 255  255  255  255  255  255  255  255  255  255  255  255  255  255  255  255 
 255  255  255  255  255  255  255  255  255  255  255  255  255  255  255  255 
 255  255  255  255  255  255  255  255  255  255  255  255  255  255  255  255 
 255  255  255  255  255  255  255  255  255  255  255  255  255  255  255  255 
 255  255  255  255  255  255  255  255  255  255  255  255  255  255  255  255 
 255  255  255  255  255  255  255  255  255  255  255  255  255  255  255  255 
 255  255  255  255  255  255  255  255  255  255  255  255  255  255  255  255 
 255  255  255  255  255  255  255  255  255  255  255  255  255  255  255  255 
 255  255  255  255  255  255  255  255  255  255  255  255  255  255  255  255 
 255  255  255  255  255  255  255  255  255  255  255  255  255  255  255  255 
 255  255  255  255  255  255  255  255  255  255  255  255  255  255  255  255 
 255  255  255  255  255  255  255  255  255  255  255  255  255  255  255  255 
 255  255  255  255  255  255  255  255  255  255  255  255  255  255  255  255 
 255  255  255  255  255  255  255  255  255  255  255  255  255  255  255  255 
 255  255  255  255  255  255  255  255  255  255  255  255  255  255  255  255 
 255  255  255  255  255  255  255  255  255  255  255  255  255  255  255  255 
 255  255  255  255  255  255  255  255  255  255  255  255  255  255  255  255 
 255  255  255  255  255  255  255  255  255  255  255  255  255  255  255  255 
 255  255  255  255  255  255  255  255  255  255  255  255  255  255  255  255 
 255  255  255  255  255  255  255  255  255  255  255  255  255  255  255  255 
 255  255  255  255  255  255  255  255  255  255  255  255  255  255  255  255 
 255  255  255  255  255  255  255  255  255  255  255  255  255  255  255  255 
 255  255  255  255  255  255  255  255  255  255  255  255  255  255  255  255 
 255  255  255  255  255  255  255  255  255  255  255  255  255  255  255  255 
 255  255  255  255  255  255  255  255  255  255  255  255  255  255  255  255 
 255  255  255  255  255  255  255  255  255  255  255  255  255  255  255  255 
 255  255  255  255  255  255  255  255  255  255  255  255  255  255  255  255 
 255  255  255  255  255  255  255  255  255  255  255  255  255  255  255  255 
 255  255  255  255  255  255  255  255  255  255  255  255  255  255  255  255 
 255  255  255  255  255  255  255  255  255  255  255  255  255  255  255  255 
 255  255  255  255  255  255  255  255  255  255  255  255  255  255  255  255 
 255  255  255  255  255  255  255  255  255  255  255  255  255  255  255  255 
 255  255  255  255  255  255  255  255  255  255  255  255  255  255  255  255 
 255  255  255  255  255  255  255  255  255  255  255  255  255  255  255  255 
 255  255  255  255  255  255  255  255  255  255  255  255  255  255  255  255 
 255  255  255  255  255  255  255  255  255  255  255  255  255  255  255  255 
 255  255  255  255  255  255  255  255  255  255  255  255  255  255  255  255 
 255  255  255  255  255  255  255  255  255  255  255  255  255  255  255  255 
 255  255  255  255  255  255  255  255  255  255  255  255  255  255  255  255 
 255  255  255  255  255  255  255  255  255  255  255  255  255  255  255  255 
 255  255  255  255  255  255  255  255  255  255  255  255  255  255  255  255 
 255  255  255  255  255  255  255  255  255  255  255  255  255  255  255  255 
 255  255  255  255  255  255  255  255  255  255  255  255  255  255  255  255 
 255  255  255  255  255  255  255  255  255  255  255  255  255  255  255  255 
 255  255  255  255  255  255  255  255  255  255  255  255  255  255  255  255 
 255  255  255  255  255  255  255  255  255  255  255  255  255  255  255  255 
 255  255  255  255  255  255  255  255  255  255  255  255  255  255  255  255 
 255  255  255  255  255  255  255  255  255  255  255  255  255  255  255  255 
 255  255  255  255  255  255  255  255  255  255  255  255  255  255  255  255 
 255  255  255  255  255  255  255  255  255  255  255  255  255  255  255  255 
 255  255  255  255  255  255  255  255  255  255  255  255  255  255  255  255 
 255  255  255  255  255  255  255  255  255  255  255  255  255  255  255  255 
 255  255  255  255  255  255  255  255  255  255  255  255  255  255  255  255 
 255  255  255  255  255  255  255  255  255  255  255  255  255  255  255  255 
 255  255  255  255  255  255  255  255  255  255  255  255  255  255  255  255 
 255  255  255  255  255  255  255  255  255  255  255  255  255  255  255  255 
 255  255  255  255  255  255  255  255  255  255  255  255  255  255  255  255 
 255  255  255  255  255  255  255  255  255  255  255  255  255  255  255  255 
 255  255  255  255  255  255  255  255  255  255  255  255  255  255  255  255 
 255  255  255  255  255  255  255  255  255  255  255  255  255  255  255  255 
 255  255  255  255  255  255  255  255  255  255  255  255  255  255  255  255 
 255  255  255  255  255  255  255  255  255  255  255  255  255  255  255  255 
 255  255  255  255  255  255  255  255  255  255  255  255  255  255  255  255 
 255  255  255  255  255  255  255  255  255  255  255  255  255  255  255  255 
 255  255  255  255  255  255  255  255  255  255  255  255  255  255  255  255 
 255  255  255  255  255  255  255  255  255  255  255  255  255  255  255  255 
 255  255  255  255  255  255  255  255  255  255  255  255  255  255  255  255 
 255  255  255  255  255  255  255  255  255  255  255  255  255  255  255  255 
 255  255  255  255  255  255  255  255  255  255  255  255  255  255  255  255 
 255  255  255  255  255  255  255  255  255  255  255  255  255  255  255  255 
 255  255  255  255  255  255  255  255  255  255  255  255  255  255  255  255 
 255  255  255  255  255  255  255  255  255  255  255  255  255  255  255  255 
 255  255  255  255  255  255  255  255  255  255  255  255  255  255  255  255 
 255  255  255  255  255  255  255  255  255  255  255  255  255  255  255  255 
 255  255  255  255  255  255  255  255  255  255  255  255  255  255  255  255 
 255  255  255  255  255  255  255  255  255  255  255  255  255  255  255  255 
 255  255  255  255  255  255  255  255  255  255  255  255  255  255  255  255 
 255  255  255  255  255  255  255  255  255  255  255  255  255  255  255  255 
 255  255  255  255  255  255  255  255  255  255  255  255  255  255  255  255 
 255  255  255  255  255  255  255  255  255  255  255  255  255  255  255  255 
 255  255  255  255  255  255  255  255  255  255  255  255  255  255  255  255 
 255  255  255  255  255  255  255  255  255  255  255  255  255  255  255  255 
 255  255  255  255  255  255  255  255  255  255  255  255  255  255  255  255 
 255  255  255  255  255  255  255  255  255  255  255  255  255  255  255  255 
 255  255  255  255  255  255  255  255  255  255  255  255  255  255  255  255 
 255  255  255  255  255  255  255  255  255  255  255  255  255  255  255  255 
 255  255  255  255  255  255  255  255  255  255  255  255  255  255  255  255 
 255  255  255  255  255  255  255  255  255  255  255  255  255  255  255  255 
 255  255  255  255  255  255  255  255  255  255  255  255  255  255  255  255 
 255  255  255  255  255  255  255  255  255  255  255  255  255  255  255  255 
 255  255  255  255  255  255  255  255  255  255  255  255  255  255  255  255 
 255  255  255  255  255  255  255  255  255  255  255  255  255  255  255  255 
 255  255  255  255  255  255  255  255  255  255  255  255  255  255  255  255 
 255  255  255  255  255  255  255  255  255  255  255  255  255  255  255  255 
 255  255  255  255  255  255  255  255  255  255  255  255  255  255  255  255 
 255  255  255  255  255  255  255  255  255  255  255  255  255  255  255  255 
 255  255  255  255  255  255  255  255  255  255  255  255  255  255  255  255 
 255  255  255  255  255  255  255  255  255  255  255  255  255  255  255  255 
 255  255  255  255  255  255  255  255  255  255  255  255  255  255  255  255 
 255  255  255  255  255  255  255  255  255  255  255  255  255  255  255  255 
 255  255  255  255  255  255  255  255  255  255  255  255  255  255  255  255 
 255  255  255  255  255  255  255  255  255  255  255  255  255  255  255  255 
 255  255  255  255  255  255  255  255  255  255  255  255  255  255  255  255 
 255  255  255  255  255  255  255  255  255  255  255  255  255  255  255  255 
 255  255  255  255  255  255  255  255  255  255  255  255  255  255  255  255 
 255  255  255  255  255  255  255  255  255  255  255  255  255  255  255  255 
 255  255  255  255  255  255  255  255  255  255  255  255  255  255  255  255 
 255  255  255  255  255  255  255  255  255  255  255  255  255  255  255  255 
 255  255  255  255  255  255  255  255  255  255  255  255  255  255  255  255 
 255  255  255  255  255  255  255  255  255  255  255  255  255  255  255  255 
 255  255  255  255  255  255  255  255  255  255  255  255  255  255  255  255 
 255  255  255  255  255  255  255  255  255  255  255  255  255  255  255  255 
 255  255  255  255  255  255  255  255  255  255  255  255  255  255  255  255 
 255  255  255  255  255  255  255  255  255  255  255  255  255  255  255  255 
 255  255  255  255  255  255  255  255  255  255  255  255  255  255  255  255 
 255  255  255  255  255  255  255  255  255  255  255  255  255  255  255  255 
 255  255  255  255  255  255  255  255  255  255  255  255  255  255  255  255 
 255  255  255  255  255  255  255  255  255  255  255  255  255  255  255  255 
 255  255  255  255  255  255  255  255  255  255  255  255  255  255  255  255 
 255  255  255  255  255  255  255  255  255  255  255  255  255  255  255  255 
 255  255  255  255  255  255  255  255  255  255  255  255  255  255  255  255 
 255  255  255  255  255  255  255  255  255  255  255  255  255  255  255  255 
 255  255  255  255  255  255  255  255  255  255  255  255  255  255  255  255 
 255  255  255  255  255  255  255  255  255  255  255  255  255  255  255  255 
 255  255  255  255  255  255  255  255  255  255  255  255  255  255  255  255 
 255  255  255  255  255  255  255  255  255  255  255  255  255  255  255  255 
 255  255  255  255  255  255  255  255  255  255  255  255  255  255  255  255 
 255  255  255  255  255  255  255  255  255  255  255  255  255  255  255  255 
 255  255  255  255  255  255  255  255  255  255  255  255  255  255  255  255 
 255  255  255  255  255  255  255  255  255  255  255  255  255  255  255  255 
 255  255  255  255  255  255  255  255  255  255  255  255  255  255  255  255 
 255  255  255  255  255  255  255  255  255  255  255  255  255  255  255  255 
 255  255  255  255  255  255  255  255  255  255  255  255  255  255  255  255 
 255  255  255  255  255  255  255  255  255  255  255  255  255  255  255  255 
 255  255  255  255  255  255  255  255  255  255  255  255  255  255  255  255 
 255  255  255  255  255  255  255  255  255  255  255  255  255  255  255  255 
 255  255  255  255  255  255  255  255  255  255  255  255  255  255  255  255 
 255  255  255  255  255  255  255  255  255  255  255  255  255  255  255  255 
 255  255  255  255  255  255  255  255  255  255  255  255  255  255  255  255 
 255  255  255  255  255  255  255  255  255  255  255  255  255  255  255  255 
 255  255  255  255  255  255  255  255  255  255  255  255  255  255  255  255 
 255  255  255  255  255  255  255  255  255  255  255  255  255  255  255  255 
 255  255  255  255  255  255  255  255  255  255  255  255  255  255  255  255 
 255  255  255  255  255  255  255  255  255  255  255  255  255  255  255  255 
 255  255  255  255  255  255  255  255  255  255  255  255  255  255  255  255 
 255  255  255  255  255  255  255  255  255  255  255  255  255  255  255  255 
 255  255  255  255  255  255  255  255  255  255  255  255  255  255  255  255 
 255  255  255  255  255  255  255  255  255  255  255  255  255  255  255  255 
 255  255  255  255  255  255  255  255  255  255  255  255  255  255  255  255 
 255  255  255  255  255  255  255  255  255  255  255  255  255  255  255  255 
 255  255  255  255  255  255  255  255  255  255  255  255  255  255  255  255 
 255  255  255  255  255  255  255  255  255  255  255  255  255  255  255  255 
 255  255  255  255  255  255  255  255  255  255  255  255  255  255  255  255 
 2  2  0  255  255  255  255  255  255  255  255  255  255  255  255  255 
 1  0  2  255  255  255  255  255  255  255  255  255  255  255  255  255 
 255  255  255  255  255  255  255  255  255  255  255  255  255  255  255  255 
 255  255  255  255  255  255  255  255  255  255  255  255  255  255  255  255 
 255  255  255  255  255  255  255  255  255  255  255  255  255  255  255  255 
 255  255  255  255  255  255  255  255  255  255  255  255  255  255  255  255 
 255  255  255  255  255  255  255  255  255  255  255  255  255  255  255  255 
 255  255  255  255  255  255  255  255  255  255  255  255  255  255  255  255 
 255  255  255  255  255  255  255  255  255  255  255  255  255  255  255  255 
 255  255  255  255  255  255  255  255  255  255  255  255  255  255  255  255 
 255  255  255  255  255  255  255  255  255  255  255  255  255  255  255  255 
 255  255  255  255  255  255  255  255  255  255  255  255  255  255  255  255 
 255  255  255  255  255  255  255  255  255  255  255  255  255  255  255  255 
 255  255  255  255  255  255  255  255  255  255  255  255  255  255  255  255 
 255  255  255  255  255  255  255  255  255  255  255  255  255  255  255  255 
 255  255  255  255  255  255  255  255  255  255  255  255  255  255  255  255 
 255  255  255  255  255  255  255  255  255  255  255  255  255  255  255  255 
 255  255  255  255  255  255  255  255  255  255  255  255  255  255  255  255 
 255  255  255  255  255  255  255  255  255  255  255  255  255  255  255  255 
 255  255  255  255  255  255  255  255  255  255  255  255  255  255  255  255 
 255  255  255  255  255  255  255  255  255  255  255  255  255  255  255  255 
 255  255  255  255  255  255  255  255  255  255  255  255  255  255  255  255 
 255  255  255  255  255  255  255  255  255  255  255  255  255  255  255  255 
 255  255  255  255  255  255  255  255  255  255  255  255  255  255  255  255 
 2  2  2  255  255  3  3  3  255  255  1  1  9  255  255  0 
 5  5  5  255  255  6  6  6  255  255  7  7  7  255  255  1 
 6  0  6  0  6  7  0  7  0  7  2  8  255  255  255  2 
 31  3  0  0  11  255  255  255  255  255  255  255  255  255  255  255 
 255  255  255  255  255  255  255  255  255  255  255  255  255  255  255  255 
 255  255  255  255  255  255  255  255  255  255  255  255  255  255  255  255 
 255  255  255  255  255  255  255  255  255  255  255  255  255  255  255  255 
 255  255  255  255  255  255  255  255  255  255  255  255  255  255  255  255 
 255  255  255  255  255  255  255  255  255  255  255  255  255  255  255  255 
 255  255  255  255  255  255  255  255  255  255  255  255  255  255  255  255 
 255  255  255  255  255  255  255  255  255  255  255  255  255  255  255  255 
 255  255  255  255  255  255  255  255  255  255  255  255  255  255  255  255 
 255  255  255  255  255  255  255  255  255  255  255  255  255  255  255  255 
 255  255  255  255  255  255  255  255  255  255  255  255  255  255  255  255 
 255  255  255  255  255  255  255  255  255  255  255  255  255  255  255  255 
 255  255  255  255  255  255  255  255  255  255  255  255  255  255  255  255 
 255  255  255  255  255  255  255  255  255  255  255  255  255  255  255  255 
 255  255  255  255  255  255  255  255  255  255  255  255  255  255  255  255 
 255  255  255  255  255  255  255  255  255  255  255  255  255  255  255  255 
 255  255  255  255  255  255  255  255  255  255  255  255  255  255  255  255 
 255  255  255  255  255  255  255  255  255  255  255  255  255  255  255  255 
 255  255  255  255  255  255  255  255  255  255  255  255  255  255  255  255 
 255  255  255  255  255  255  255  255  255  255  255  255  255  255  255  255 
 255  255  255  255  255  255  255  255  255  255  255  255  255  255  255  255 
 255  255  255  255  255  255  255  255  255  255  255  255  255  255  255  255 
 255  255  255  255  255  255  255  255  255  255  255  255  255  255  255  255 
 3  5  0  0  0  1  5  1  1  39  0  0  0  0  0  0 
 3  0  0  2  5  2  2  0  1  0  0  0  0  0  0  0 
 0  0  1  0  0  0  1  0  1  0  31  0  1  1  8  0 
 0  0  85  43  0  0  85  43  0  0  0  0  0  0  0  0 
 255  255  255  255  255  255  255  255  255  255  255  255  255  255  255  255 
 255  0  255  255  255  255  1  0  255  255  255  255  255  255  255  255 
 255  255  255  255  255  255  255  255  255  255  255  255  255  255  255  255 
 255  255  255  255  255  255  255  255  255  255  255  255  255  255  255  255 
 255  255  255  255  255  255  255  255  255  255  255  255  255  255  255  255 
 255  255  255  255  255  255  255  255  255  255  255  255  255  255  255  255 
 255  255  255  255  255  255  255  255  255  255  255  255  255  255  255  255 
 255  255  255  255  255  255  255  255  255  255  255  255  255  255  255  255 
 255  255  255  255  255  255  255  255  255  255  255  255  255  255  255  255 
 255  255  255  255  255  255  255  255  255  255  255  255  255  255  255  255 
 0  0  0  0  0  0  0  0  4  3  8  5  0  0  0  0 
 0  0  0  0  0  0  0  0  0  0  1  0  0  0  80  0 
 0  0  0  0  0  0  0  0  4  3  9  5  5  0  0  0 
 0  0  0  0  0  0  0  0  0  0  1  0  0  0  80  0 
 32  32  32  70  77  32  32  32  54  53  45  55  53  77  4  50 
 32  32  32  70  77  32  32  55  54  45  49  48  56  77  255  255 
 255  255  255  255  255  255  255  255  255  255  255  255  255  255  255  255 
 255  255  255  255  255  255  255  255  255  255  255  255  255  255  255  255 
 255  255  255  255  255  255  255  255  255  255  255  255  255  255  255  255 
 255  255  255  255  255  255  255  255  255  255  255  255  255  255  255  255 
 255  255  255  255  255  255  255  255  255  255  255  255  255  255  255  255 
 255  255  255  255  255  255  255  255  255  255  255  255  255  255  255  255 
 255  255  255  255  255  255  255  255  255  255  255  255  255  255  255  255 
 255  255  255  255  255  255  255  255  255  255  255  255  255  255  255  255 
 255  255  255  255  255  255  255  255  255  255  255  255  255  255  255  255 
 255  255  255  255  255  255  255  255  255  255  255  255  255  255  255  255 
 78  78  76  89  255  255  255  255  255  255  255  255  255  255  255  255 
 90  80  49  255  255  255  255  255  255  255  255  255  255  255  255  255 
 90  80  50  255  255  255  255  255  255  255  255  255  255  255  255  255 
 90  80  51  255  255  255  255  255  255  255  255  255  255  255  255  255 
 90  80  52  255  255  255  255  255  255  255  255  255  255  255  255  255 
 90  80  53  255  255  255  255  255  255  255  255  255  255  255  255  255 
 90  80  54  255  255  255  255  255  255  255  255  255  255  255  255  255 
 90  80  55  255  255  255  255  255  255  255  255  255  255  255  255  255 
 65  82  73  83  83  49  255  255  255  255  255  255  255  255  255  255 
 65  82  73  83  83  50  255  255  255  255  255  255  255  255  255  255 
 65  82  73  83  83  51  255  255  255  255  255  255  255  255  255  255 
 65  82  73  83  83  52  255  255  255  255  255  255  255  255  255  255 
 65  82  73  83  83  53  255  255  255  255  255  255  255  255  255  255 
 255  255  255  255  255  255  255  255  255  255  255  255  255  255  255  255 
 255  255  255  255  255  255  255  255  255  255  255  255  255  255  255  255 
 255  255  255  255  255  255  255  255  255  255  255  255  255  255  255  255 
 255  255  255  255  255  255  255  255  255  255  255  255  255  255  255  255 
 255  255  255  255  255  255  255  255  255  255  255  255  255  255  255  255 
 255  255  255  255  255  255  255  255  255  255  255  255  255  255  255  255 
 255  255  255  255  255  255  255  255  255  255  255  255  255  255  255  255 
 255  255  255  255  255  255  255  255  255  255  255  255  255  255  255  255 
 255  255  255  255  255  255  255  255  255  255  255  255  255  255  255  255 
 255  255  255  255  255  255  255  255  255  255  255  255  255  255  255  255 
 255  255  255  255  255  255  255  255  255  255  255  255  255  255  255  255 
 255  255  255  255  255  255  255  255  255  255  255  255  255  255  255  255 
 255  255  255  255  255  255  255  255  255  255  255  255  255  255  255  255 
 255  255  255  255  255  255  255  255  255  255  255  255  255  255  255  255 
 255  255  255  255  255  255  255  255  255  255  255  255  255  255  255  255 
 255  255  255  255  255  255  255  255  255  255  255  255  255  255  255  255 
 255  255  255  255  255  255  255  255  255  255  255  255  255  255  255  255 
 255  255  255  255  255  255  255  255  255  255  255  255  255  255  255  255 
 255  255  255  255  255  255  255  255  255  255  255  255  255  255  255  255 
 255  255  255  255  255  255  255  255  255  255  255  255  255  255  255  255 
 255  255  255  255  255  255  255  255  255  255  255  255  255  255  255  255 
 255  255  255  255  255  255  255  255  255  255  255  255  255  255  255  255 
 255  255  255  255  255  255  255  255  255  255  255  255  255  255  255  255 
 255  255  255  255  255  255  255  255  255  255  255  255  255  255  255  255 
 255  255  255  255  255  255  255  255  255  255  255  255  255  255  255  255 
 255  255  255  255  255  255  255  255  255  255  255  255  255  255  255  255 
 255  255  255  255  255  255  255  255  255  255  255  255  255  255  255  255 
 255  255  255  255  255  255  255  255  255  255  255  255  255  255  255  255 
 255  255  255  255  255  255  255  255  255  255  255  255  255  255  255  255 
 255  255  255  255  255  255  255  255  255  255  255  255  255  255  255  255 
 255  255  255  255  255  255  255  255  255  255  255  255  255  255  255  255 
 255  255  255  255  255  255  255  255  255  255  255  255  255  255  255  255 
 255  255  255  255  255  255  255  255  255  255  255  255  255  255  255  255 
 255  255  255  255  255  255  255  255  255  255  255  255  255  255  255  255 
 255  255  255  255  255  255  255  255  255  255  255  255  255  255  255  255 
 255  255  255  255  255  255  255  255  255  255  255  255  255  255  255  255 
 255  255  255  255  255  255  255  255  255  255  255  255  255  255  255  255 
 255  255  255  255  255  255  255  255  255  255  255  255  255  255  255  255 
 255  255  255  255  255  255  255  255  255  255  255  255  255  255  255  255 
 255  255  255  255  255  255  255  255  255  255  255  255  255  255  255  255 
 255  255  255  255  255  255  255  255  255  255  255  255  255  255  255  255 
 255  255  255  255  255  255  255  255  255  255  255  255  255  255  255  255 
 255  255  255  255  255  255  255  255  255  255  255  255  255  255  255  255 
 255  255  255  255  255  255  255  255  255  255  255  255  255  255  255  255 
 255  255  255  255  255  255  255  255  255  255  255  255  255  255  255  255 
 255  255  255  255  255  255  255  255  255  255  255  255  255  255  255  255 
 255  255  255  255  255  255  255  255  255  255  255  255  255  255  255  255 
 255  255  255  255  255  255  255  255  255  255  255  255  255  255  255  255 
 255  255  255  255  255  255  255  255  255  255  255  255  255  255  255  255 
 255  255  255  255  255  255  255  255  255  255  255  255  255  255  255  255 
 255  255  255  255  255  255  255  255  255  255  255  255  255  255  255  255 
 255  255  255  255  255  255  255  255  255  255  255  255  255  255  255  255 
 255  255  255  255  255  255  255  255  255  255  255  255  255  255  255  255 
 255  255  255  255  255  255  255  255  255  255  255  255  255  255  255  255 
 255  255  255  255  255  255  255  255  255  255  255  255  255  255  255  255 
 255  255  255  255  255  255  255  255  255  255  255  255  255  255  255  255 
 255  255  255  255  255  255  255  255  255  255  255  255  255  255  255  255 
 255  255  255  255  255  255  255  255  255  255  255  255  255  255  255  255 
 255  255  255  255  255  255  255  255  255  255  255  255  255  255  255  255 
 255  255  255  255  255  255  255  255  255  255  255  255  255  255  255  255 
 255  255  255  255  255  255  255  255  255  255  255  255  255  255  255  255 
 255  255  255  255  255  255  255  255  255  255  255  255  255  255  255  255 
 255  255  255  255  255  255  255  255  255  255  255  255  255  255  255  255 
 255  255  255  255  255  255  255  255  255  255  255  255  255  255  255  255 
 255  255  255  255  255  255  255  255  255  255  255  255  255  255  255  255 
 255  255  255  255  255  255  255  255  255  255  255  255  255  255  255  255 
 255  255  255  255  255  255  255  255  255  255  255  255  255  255  255  255 
 255  255  255  255  255  255  255  255  255  255  255  255  255  255  255  255 
 255  255  255  255  255  255  255  255  255  255  255  255  255  255  255  255 
 255  255  255  255  255  255  255  255  255  255  255  255  255  255  255  255 
 255  255  255  255  255  255  255  255  255  255  255  255  255  255  255  255 
 255  255  255  255  255  255  255  255  255  255  255  255  255  255  255  255 
 255  255  255  255  255  255  255  255  255  255  255  255  255  255  255  255 
 255  255  255  255  255  255  255  255  255  255  255  255  255  255  255  255 
 255  255  255  255  255  255  255  255  255  255  255  255  255  255  255  255 
 255  255  255  255  255  255  255  255  255  255  255  255  255  255  255  255 
 255  255  255  255  255  255  255  255  255  255  255  255  255  255  255  255 
 255  255  255  255  255  255  255  255  255  255  255  255  255  255  255  255 
 255  255  255  255  255  255  255  255  255  255  255  255  255  255  255  255 
 255  255  255  255  255  255  255  255  255  255  255  255  255  255  255  255 
 255  255  255  255  255  255  255  255  255  255  255  255  255  255  255  255 
 255  255  255  255  255  255  255  255  255  255  255  255  255  255  255  255 
 255  255  255  255  255  255  255  255  255  255  255  255  255  255  255  255 
 255  255  255  255  255  255  255  255  255  255  255  255  255  255  255  255 
 255  255  255  255  255  255  255  255  255  255  255  255  255  255  255  255 
 255  255  255  255  255  255  255  255  255  255  255  255  255  255  255  255 
 255  255  255  255  255  255  255  255  255  255  255  255  255  255  255  255 
 255  255  255  255  255  255  255  255  255  255  255  255  255  255  255  255 
 255  255  255  255  255  255  255  255  255  255  255  255  255  255  255  255 
 255  255  255  255  255  255  255  255  255  255  255  255  255  255  255  255 
 255  255  255  255  255  255  255  255  255  255  255  255  255  255  255  255 
 255  255  255  255  255  255  255  255  255  255  255  255  255  255  255  255 
 255  255  255  255  255  255  255  255  255  255  255  255  255  255  255  255 
 255  255  255  255  255  255  255  255  255  255  255  255  255  255  255  255 
 255  255  255  255  255  255  255  255  255  255  255  255  255  255  255  255 
 255  255  255  255  255  255  255  255  255  255  255  255  255  255  255  255 
 255  255  255  255  255  255  255  255  255  255  255  255  255  255  255  255 
 255  255  255  255  255  255  255  255  255  255  255  255  255  255  255  255 
 255  255  255  255  255  255  255  255  255  255  255  255  255  255  255  255 
 255  255  255  255  255  255  255  255  255  255  255  255  255  255  255  255 
 255  255  255  255  255  255  255  255  255  255  255  255  255  255  255  255 
 255  255  255  255  255  255  255  255  255  255  255  255  255  255  255  255 
 255  255  255  255  255  255  255  255  255  255  255  255  255  255  255  255 
 255  255  255  255  255  255  255  255  255  255  255  255  255  255  255  255 
 255  255  255  255  255  255  255  255  255  255  255  255  255  255  255  255 
 255  255  255  255  255  255  255  255  255  255  255  255  255  255  255  255 
 255  255  255  255  255  255  255  255  255  255  255  255  255  255  255  255 
 255  255  255  255  255  255  255  255  255  255  255  255  255  255  255  255 
 255  255  255  255  255  255  255  255  255  255  255  255  255  255  255  255 
 255  255  255  255  255  255  255  255  255  255  255  255  255  255  255  255 
 255  255  255  255  255  255  255  255  255  255  255  255  255  255  255  255 
 255  255  255  255  255  255  255  255  255  255  255  255  255  255  255  255 
 255  255  255  255  255  255  255  255  255  255  255  255  255  255  255  255 
 255  255  255  255  255  255  255  255  255  255  255  255  255  255  255  255 
 255  255  255  255  255  255  255  255  255  255  255  255  255  255  255  255 
 255  255  255  255  255  255  255  255  255  255  255  255  255  255  255  255 
 255  255  255  255  255  255  255  255  255  255  255  255  255  255  255  255 
 255  255  255  255  255  255  255  255  255  255  255  255  255  255  255  255 
 255  255  255  255  255  255  255  255  255  255  255  255  255  255  255  255 
 255  255  255  255  255  255  255  255  255  255  255  255  255  255  255  255 
 255  255  255  255  255  255  255  255  255  255  255  255  255  255  255  255 
 255  255  255  255  255  255  255  255  255  255  255  255  255  255  255  255 
 255  255  255  255  255  255  255  255  255  255  255  255  255  255  255  255 
 255  255  255  255  255  255  255  255  255  255  255  255  255  255  255  255 
 255  255  255  255  255  255  255  255  255  255  255  255  255  255  255  255 
 255  255  255  255  255  255  255  255  255  255  255  255  255  255  255  255 
 255  255  255  255  255  255  255  255  255  255  255  255  255  255  255  255 
 255  255  255  255  255  255  255  255  255  255  255  255  255  255  255  255 
 255  255  255  255  255  255  255  255  255  255  255  255  255  255  255  255 
 255  255  255  255  255  255  255  255  255  255  255  255  255  255  255  255 
 255  255  255  255  255  255  255  255  255  255  255  255  255  255  255  255 
 255  255  255  255  255  255  255  255  255  255  255  255  255  255  255  255 
 255  255  255  255  255  255  255  255  255  255  255  255  255  255  255  255 
 255  255  255  255  255  255  255  255  255  255  255  255  255  255  255  255 
 255  255  255  255  255  255  255  255  255  255  255  255  255  255  255  255 
 255  255  255  255  255  255  255  255  255  255  255  255  255  255  255  255 
 255  255  255  255  255  255  255  255  255  255  255  255  255  255  255  255 
 255  255  255  255  255  255  255  255  255  255  255  255  255  255  255  255 
 255  255  255  255  255  255  255  255  255  255  255  255  255  255  255  255 
 255  255  255  255  255  255  255  255  255  255  255  255  255  255  255  255 
 255  255  255  255  255  255  255  255  255  255  255  255  255  255  255  255 
 255  255  255  255  255  255  255  255  255  255  255  255  255  255  255  255 
 255  255  255  255  255  255  255  255  255  255  255  255  255  255  255  255 
 255  255  255  255  255  255  255  255  255  255  255  255  255  255  255  255 
 255  255  255  255  255  255  255  255  255  255  255  255  255  255  255  255 
 255  255  255  255  255  255  255  255  255  255  255  255  255  255  255  255 
 255  255  255  255  255  255  255  255  255  255  255  255  255  255  255  255 
 255  255  255  255  255  255  255  255  255  255  255  255  255  255  255  255 
 255  255  255  255  255  255  255  255  255  255  255  255  255  255  255  255 
 255  255  255  255  255  255  255  255  255  255  255  255  255  255  255  255 
 255  255  255  255  255  255  255  255  255  255  255  255  255  255  255  255 
 255  255  255  255  255  255  255  255  255  255  255  255  255  255  255  255 
 255  255  255  255  255  255  255  255  255  255  255  255  255  255  255  255 
 255  255  255  255  255  255  255  255  255  255  255  255  255  255  255  255 
 255  255  255  255  255  255  255  255  255  255  255  255  255  255  255  255 
 255  255  255  255  255  255  255  255  255  255  255  255  255  255  255  255 
 255  255  255  255  255  255  255  255  255  255  255  255  255  255  255  255 
 255  255  255  255  255  255  255  255  255  255  255  255  255  255  255  255 
 255  255  255  255  255  255  255  255  255  255  255  255  255  255  255  255 
 255  255  255  255  255  255  255  255  255  255  255  255  255  255  255  255 
 255  255  255  255  255  255  255  255  255  255  255  255  255  255  255  255 
 255  255  255  255  255  255  255  255  255  255  255  255  255  255  255  255 
 255  255  255  255  255  255  255  255  255  255  255  255  255  255  255  255 
 255  255  255  255  255  255  255  255  255  255  255  255  255  255  255  255 
 255  255  255  255  255  255  255  255  255  255  255  255  255  255  255  255 
 255  255  255  255  255  255  255  255  255  255  255  255  255  255  255  255 
 255  255  255  255  255  255  255  255  255  255  255  255  255  255  255  255 
 255  255  255  255  255  255  255  255  255  255  255  255  255  255  255  255 
 255  255  255  255  255  255  255  255  255  255  255  255  255  255  255  255 
 255  255  255  255  255  255  255  255  255  255  255  255  255  255  255  255 
 255  255  255  255  255  255  255  255  255  255  255  255  255  255  255  255 
 255  255  255  255  255  255  255  255  255  255  255  255  255  255  255  255 
 255  255  255  255  255  255  255  255  255  255  255  255  255  255  255  255 
 255  255  255  255  255  255  255  255  255  255  255  255  255  255  255  255 
 255  255  255  255  255  255  255  255  255  255  255  255  255  255  255  255 
 255  255  255  255  255  255  255  255  255  255  255  255  255  255  255  255 
 255  255  255  255  255  255  255  255  255  255  255  255  255  255  255  255 
 255  255  255  255  255  255  255  255  255  255  255  255  255  255  255  255 
 255  255  255  255  255  255  255  255  255  255  255  255  255  255  255  255 
 255  255  255  255  255  255  255  255  255  255  255  255  255  255  255  255 
 255  255  255  255  255  255  255  255  255  255  255  255  255  255  255  255 
 255  255  255  255  255  255  255  255  255  255  255  255  255  255  255  255 
 255  255  255  255  255  255  255  255  255  255  255  255  255  255  255  255 
 255  255  255  255  255  255  255  255  255  255  255  255  255  255  255  255 
 255  255  255  255  255  255  255  255  255  255  255  255  255  255  255  255 
 255  255  255  255  255  255  255  255  255  255  255  255  255  255  255  255 
 255  255  255  255  255  255  255  255  255  255  255  255  255  255  255  255 
 255  255  255  255  255  255  255  255  255  255  255  255  255  255  255  255 
 255  255  255  255  255  255  255  255  255  255  255  255  255  255  255  255 
 255  255  255  255  255  255  255  255  255  255  255  255  255  255  255  255 
 255  255  255  255  255  255  255  255  255  255  255  255  255  255  255  255 
 255  255  255  255  255  255  255  255  255  255  255  255  255  255  255  255 
 255  255  255  255  255  255  255  255  255  255  255  255  255  255  255  255 
 255  255  255  255  255  255  255  255  255  255  255  255  255  255  255  255 
 255  255  255  255  255  255  255  255  255  255  255  255  255  255  255  255 
 255  255  255  255  255  255  255  255  255  255  255  255  255  255  255  255 
 255  255  255  255  255  255  255  255  255  255  255  255  255  255  255  255 
 255  255  255  255  255  255  255  255  255  255  255  255  255  255  255  255 
 255  255  255  255  255  255  255  255  255  255  255  255  255  255  255  255 
 255  255  255  255  255  255  255  255  255  255  255  255  255  255  255  255 
 255  255  255  255  255  255  255  255  255  255  255  255  255  255  255  255 
 255  255  255  255  255  255  255  255  255  255  255  255  255  255  255  255 
 255  255  255  255  255  255  255  255  255  255  255  255  255  255  255  255 
 255  255  255  255  255  255  255  255  255  255  255  255  255  255  255  255 
 255  255  255  255  255  255  255  255  255  255  255  255  255  255  255  255 
 255  255  255  255  255  255  255  255  255  255  255  255  255  255  255  255 
 255  255  255  255  255  255  255  255  255  255  255  255  255  255  255  255 
 255  255  255  255  255  255  255  255  255  255  255  255  255  255  255  255 
 255  255  255  255  255  255  255  255  255  255  255  255  255  255  255  255 
 255  255  255  255  255  255  255  255  255  255  255  255  255  255  255  255 
 255  255  255  255  255  255  255  255  255  255  255  255  255  255  255  255 
 255  255  255  255  255  255  255  255  255  255  255  255  255  255  255  255 
