 255  255  255  255  255  255  255  255  255  255  255  255  255  255  255  255 
 0  37  33  69  0  37  33  69  181  2  181  2  0  0  0  68 
 0  37  50  69  0  37  50  69  147  3  147  3  0  0  0  68 
 0  37  67  69  0  37  67  69  85  5  85  5  0  0  0  68 
 0  37  84  69  0  37  84  69  234  5  234  5  0  0  0  68 
 0  37  101  69  0  37  101  69  136  7  136  7  0  0  0  68 
 0  37  118  69  0  37  118  69  114  9  114  9  0  0  0  68 
 0  37  135  69  0  37  135  69  2  0  2  0  0  0  0  68 
 0  37  152  69  0  37  152  69  24  0  24  0  0  0  0  68 
 0  37  25  70  0  37  25  70  51  0  51  0  0  0  0  68 
 0  37  34  70  0  37  34  70  59  0  59  0  0  0  0  68 
 0  37  51  70  0  37  51  70  80  0  80  0  0  0  0  68 
 0  37  68  70  0  37  68  70  203  0  203  0  0  0  0  68 
 0  37  85  70  0  37  85  70  203  0  203  0  0  0  0  68 
 0  37  34  64  0  37  34  64  0  0  0  0  0  0  0  68 
 0  37  116  67  0  37  116  67  0  0  0  0  0  0  0  68 
 0  117  153  71  0  117  153  71  0  0  0  0  0  0  0  68 
 0  80  133  19  0  80  133  19  0  0  0  0  0  0  0  68 
 0  80  118  21  0  80  118  21  0  0  0  0  0  0  0  68 
 0  80  39  23  0  80  39  23  0  0  0  0  0  0  0  68 
 0  0  133  67  0  0  133  67  0  0  0  0  0  0  0  68 
 0  0  87  21  0  0  87  21  0  0  0  0  0  0  0  68 
 255  255  255  255  255  255  255  255  255  255  255  255  255  255  255  255 
 255  255  255  255  255  255  255  255  255  255  255  255  255  255  255  255 
 255  255  255  255  255  255  255  255  255  255  255  255  255  255  255  255 
 255  255  255  255  255  255  255  255  255  255  255  255  255  255  255  255 
 255  255  255  255  255  255  255  255  255  255  255  255  255  255  255  255 
 255  255  255  255  255  255  255  255  255  255  255  255  255  255  255  255 
 255  255  255  255  255  255  255  255  255  255  255  255  255  255  255  255 
 255  255  255  255  255  255  255  255  255  255  255  255  255  255  255  255 
 255  255  255  255  255  255  255  255  255  255  255  255  255  255  255  255 
 255  255  255  255  255  255  255  255  255  255  255  255  255  255  255  255 
 255  255  255  255  255  255  255  255  255  255  255  255  255  255  255  255 
 255  255  255  255  255  255  255  255  255  255  255  255  255  255  255  255 
 255  255  255  255  255  255  255  255  255  255  255  255  255  255  255  255 
 255  255  255  255  255  255  255  255  255  255  255  255  255  255  255  255 
 255  255  255  255  255  255  255  255  255  255  255  255  255  255  255  255 
 255  255  255  255  255  255  255  255  255  255  255  255  255  255  255  255 
 255  255  255  255  255  255  255  255  255  255  255  255  255  255  255  255 
 255  255  255  255  255  255  255  255  255  255  255  255  255  255  255  255 
 255  255  255  255  255  255  255  255  255  255  255  255  255  255  255  255 
 255  255  255  255  255  255  255  255  255  255  255  255  255  255  255  255 
 255  255  255  255  255  255  255  255  255  255  255  255  255  255  255  255 
 255  255  255  255  255  255  255  255  255  255  255  255  255  255  255  255 
 255  255  255  255  255  255  255  255  255  255  255  255  255  255  255  255 
 255  255  255  255  255  255  255  255  255  255  255  255  255  255  255  255 
 255  255  255  255  255  255  255  255  255  255  255  255  255  255  255  255 
 255  255  255  255  255  255  255  255  255  255  255  255  255  255  255  255 
 255  255  255  255  255  255  255  255  255  255  255  255  255  255  255  255 
 255  255  255  255  255  255  255  255  255  255  255  255  255  255  255  255 
 255  255  255  255  255  255  255  255  255  255  255  255  255  255  255  255 
 255  255  255  255  255  255  255  255  255  255  255  255  255  255  255  255 
 255  255  255  255  255  255  255  255  255  255  255  255  255  255  255  255 
 255  255  255  255  255  255  255  255  255  255  255  255  255  255  255  255 
 255  255  255  255  255  255  255  255  255  255  255  255  255  255  255  255 
 255  255  255  255  255  255  255  255  255  255  255  255  255  255  255  255 
 255  255  255  255  255  255  255  255  255  255  255  255  255  255  255  255 
 255  255  255  255  255  255  255  255  255  255  255  255  255  255  255  255 
 255  255  255  255  255  255  255  255  255  255  255  255  255  255  255  255 
 255  255  255  255  255  255  255  255  255  255  255  255  255  255  255  255 
 255  255  255  255  255  255  255  255  255  255  255  255  255  255  255  255 
 255  255  255  255  255  255  255  255  255  255  255  255  255  255  255  255 
 255  255  255  255  255  255  255  255  255  255  255  255  255  255  255  255 
 255  255  255  255  255  255  255  255  255  255  255  255  255  255  255  255 
 255  255  255  255  255  255  255  255  255  255  255  255  255  255  255  255 
 255  255  255  255  255  255  255  255  255  255  255  255  255  255  255  255 
 255  255  255  255  255  255  255  255  255  255  255  255  255  255  255  255 
 255  255  255  255  255  255  255  255  255  255  255  255  255  255  255  255 
 255  255  255  255  255  255  255  255  255  255  255  255  255  255  255  255 
 255  255  255  255  255  255  255  255  255  255  255  255  255  255  255  255 
 255  255  255  255  255  255  255  255  255  255  255  255  255  255  255  255 
 255  255  255  255  255  255  255  255  255  255  255  255  255  255  255  255 
 255  255  255  255  255  255  255  255  255  255  255  255  255  255  255  255 
 255  255  255  255  255  255  255  255  255  255  255  255  255  255  255  255 
 255  255  255  255  255  255  255  255  255  255  255  255  255  255  255  255 
 255  255  255  255  255  255  255  255  255  255  255  255  255  255  255  255 
 255  255  255  255  255  255  255  255  255  255  255  255  255  255  255  255 
 255  255  255  255  255  255  255  255  255  255  255  255  255  255  255  255 
 255  255  255  255  255  255  255  255  255  255  255  255  255  255  255  255 
 255  255  255  255  255  255  255  255  255  255  255  255  255  255  255  255 
 255  255  255  255  255  255  255  255  255  255  255  255  255  255  255  255 
 255  255  255  255  255  255  255  255  255  255  255  255  255  255  255  255 
 255  255  255  255  255  255  255  255  255  255  255  255  255  255  255  255 
 255  255  255  255  255  255  255  255  255  255  255  255  255  255  255  255 
 255  255  255  255  255  255  255  255  255  255  255  255  255  255  255  255 
 255  255  255  255  255  255  255  255  255  255  255  255  255  255  255  255 
 255  255  255  255  255  255  255  255  255  255  255  255  255  255  255  255 
 255  255  255  255  255  255  255  255  255  255  255  255  255  255  255  255 
 255  255  255  255  255  255  255  255  255  255  255  255  255  255  255  255 
 255  255  255  255  255  255  255  255  255  255  255  255  255  255  255  255 
 255  255  255  255  255  255  255  255  255  255  255  255  255  255  255  255 
 255  255  255  255  255  255  255  255  255  255  255  255  255  255  255  255 
 255  255  255  255  255  255  255  255  255  255  255  255  255  255  255  255 
 255  255  255  255  255  255  255  255  255  255  255  255  255  255  255  255 
 255  255  255  255  255  255  255  255  255  255  255  255  255  255  255  255 
 255  255  255  255  255  255  255  255  255  255  255  255  255  255  255  255 
 255  255  255  255  255  255  255  255  255  255  255  255  255  255  255  255 
 255  255  255  255  255  255  255  255  255  255  255  255  255  255  255  255 
 255  255  255  255  255  255  255  255  255  255  255  255  255  255  255  255 
 255  255  255  255  255  255  255  255  255  255  255  255  255  255  255  255 
 255  255  255  255  255  255  255  255  255  255  255  255  255  255  255  255 
 255  255  255  255  255  255  255  255  255  255  255  255  255  255  255  255 
 255  255  255  255  255  255  255  255  255  255  255  255  255  255  255  255 
 255  255  255  255  255  255  255  255  255  255  255  255  255  255  255  255 
 255  255  255  255  255  255  255  255  255  255  255  255  255  255  255  255 
 255  255  255  255  255  255  255  255  255  255  255  255  255  255  255  255 
 255  255  255  255  255  255  255  255  255  255  255  255  255  255  255  255 
 255  255  255  255  255  255  255  255  255  255  255  255  255  255  255  255 
 255  255  255  255  255  255  255  255  255  255  255  255  255  255  255  255 
 255  255  255  255  255  255  255  255  255  255  255  255  255  255  255  255 
 255  255  255  255  255  255  255  255  255  255  255  255  255  255  255  255 
 255  255  255  255  255  255  255  255  255  255  255  255  255  255  255  255 
 255  255  255  255  255  255  255  255  255  255  255  255  255  255  255  255 
 255  255  255  255  255  255  255  255  255  255  255  255  255  255  255  255 
 255  255  255  255  255  255  255  255  255  255  255  255  255  255  255  255 
 255  255  255  255  255  255  255  255  255  255  255  255  255  255  255  255 
 255  255  255  255  255  255  255  255  255  255  255  255  255  255  255  255 
 255  255  255  255  255  255  255  255  255  255  255  255  255  255  255  255 
 255  255  255  255  255  255  255  255  255  255  255  255  255  255  255  255 
 255  255  255  255  255  255  255  255  255  255  255  255  255  255  255  255 
 255  255  255  255  255  255  255  255  255  255  255  255  255  255  255  255 
 255  255  255  255  255  255  255  255  255  255  255  255  255  255  255  255 
 255  255  255  255  255  255  255  255  255  255  255  255  255  255  255  255 
 255  255  255  255  255  255  255  255  255  255  255  255  255  255  255  255 
 255  255  255  255  255  255  255  255  255  255  255  255  255  255  255  255 
 255  255  255  255  255  255  255  255  255  255  255  255  255  255  255  255 
 255  255  255  255  255  255  255  255  255  255  255  255  255  255  255  255 
 255  255  255  255  255  255  255  255  255  255  255  255  255  255  255  255 
 255  255  255  255  255  255  255  255  255  255  255  255  255  255  255  255 
 255  255  255  255  255  255  255  255  255  255  255  255  255  255  255  255 
 255  255  255  255  255  255  255  255  255  255  255  255  255  255  255  255 
 255  255  255  255  255  255  255  255  255  255  255  255  255  255  255  255 
 255  255  255  255  255  255  255  255  255  255  255  255  255  255  255  255 
 255  255  255  255  255  255  255  255  255  255  255  255  255  255  255  255 
 255  255  255  255  255  255  255  255  255  255  255  255  255  255  255  255 
 255  255  255  255  255  255  255  255  255  255  255  255  255  255  255  255 
 255  255  255  255  255  255  255  255  255  255  255  255  255  255  255  255 
 255  255  255  255  255  255  255  255  255  255  255  255  255  255  255  255 
 255  255  255  255  255  255  255  255  255  255  255  255  255  255  255  255 
 255  255  255  255  255  255  255  255  255  255  255  255  255  255  255  255 
 255  255  255  255  255  255  255  255  255  255  255  255  255  255  255  255 
 255  255  255  255  255  255  255  255  255  255  255  255  255  255  255  255 
 255  255  255  255  255  255  255  255  255  255  255  255  255  255  255  255 
 255  255  255  255  255  255  255  255  255  255  255  255  255  255  255  255 
 255  255  255  255  255  255  255  255  255  255  255  255  255  255  255  255 
 255  255  255  255  255  255  255  255  255  255  255  255  255  255  255  255 
 255  255  255  255  255  255  255  255  255  255  255  255  255  255  255  255 
 255  255  255  255  255  255  255  255  255  255  255  255  255  255  255  255 
 255  255  255  255  255  255  255  255  255  255  255  255  255  255  255  255 
 255  255  255  255  255  255  255  255  255  255  255  255  255  255  255  255 
 255  255  255  255  255  255  255  255  255  255  255  255  255  255  255  255 
 255  255  255  255  255  255  255  255  255  255  255  255  255  255  255  255 
 255  255  255  255  255  255  255  255  255  255  255  255  255  255  255  255 
 255  255  255  255  255  255  255  255  255  255  255  255  255  255  255  255 
 255  255  255  255  255  255  255  255  255  255  255  255  255  255  255  255 
 255  255  255  255  255  255  255  255  255  255  255  255  255  255  255  255 
 255  255  255  255  255  255  255  255  255  255  255  255  255  255  255  255 
 255  255  255  255  255  255  255  255  255  255  255  255  255  255  255  255 
 255  255  255  255  255  255  255  255  255  255  255  255  255  255  255  255 
 255  255  255  255  255  255  255  255  255  255  255  255  255  255  255  255 
 255  255  255  255  255  255  255  255  255  255  255  255  255  255  255  255 
 255  255  255  255  255  255  255  255  255  255  255  255  255  255  255  255 
 255  255  255  255  255  255  255  255  255  255  255  255  255  255  255  255 
 255  255  255  255  255  255  255  255  255  255  255  255  255  255  255  255 
 255  255  255  255  255  255  255  255  255  255  255  255  255  255  255  255 
 255  255  255  255  255  255  255  255  255  255  255  255  255  255  255  255 
 255  255  255  255  255  255  255  255  255  255  255  255  255  255  255  255 
 255  255  255  255  255  255  255  255  255  255  255  255  255  255  255  255 
 255  255  255  255  255  255  255  255  255  255  255  255  255  255  255  255 
 255  255  255  255  255  255  255  255  255  255  255  255  255  255  255  255 
 255  255  255  255  255  255  255  255  255  255  255  255  255  255  255  255 
 255  255  255  255  255  255  255  255  255  255  255  255  255  255  255  255 
 255  255  255  255  255  255  255  255  255  255  255  255  255  255  255  255 
 255  255  255  255  255  255  255  255  255  255  255  255  255  255  255  255 
 255  255  255  255  255  255  255  255  255  255  255  255  255  255  255  255 
 255  255  255  255  255  255  255  255  255  255  255  255  255  255  255  255 
 2  0  2  0  2  255  255  255  255  255  255  255  255  255  255  255 
 255  255  255  255  255  255  255  255  255  255  255  255  255  255  255  255 
 255  255  255  255  255  255  255  255  255  255  255  255  255  255  255  255 
 255  255  255  255  255  255  255  255  255  255  255  255  255  255  255  255 
 255  255  255  255  255  255  255  255  255  255  255  255  255  255  255  255 
 255  255  255  255  255  255  255  255  255  255  255  255  255  255  255  255 
 255  255  255  255  255  255  255  255  255  255  255  255  255  255  255  255 
 255  255  255  255  255  255  255  255  255  255  255  255  255  255  255  255 
 255  255  255  255  255  255  255  255  255  255  255  255  255  255  255  255 
 255  255  255  255  255  255  255  255  255  255  255  255  255  255  255  255 
 255  255  255  255  255  255  255  255  255  255  255  255  255  255  255  255 
 255  255  255  255  255  255  255  255  255  255  255  255  255  255  255  255 
 255  255  255  255  255  255  255  255  255  255  255  255  255  255  255  255 
 255  255  255  255  255  255  255  255  255  255  255  255  255  255  255  255 
 3  0  3  0  3  255  255  255  255  255  255  255  255  255  255  255 
 255  255  255  255  255  255  255  255  255  255  255  255  255  255  255  255 
 255  255  255  255  255  255  255  255  255  255  255  255  255  255  255  255 
 255  255  255  255  255  255  255  255  255  255  255  255  255  255  255  255 
 255  255  255  255  255  255  255  255  255  255  255  255  255  255  255  255 
 255  255  255  255  255  255  255  255  255  255  255  255  255  255  255  255 
 255  255  255  255  255  255  255  255  255  255  255  255  255  255  255  255 
 255  255  255  255  255  255  255  255  255  255  255  255  255  255  255  255 
 255  255  255  255  255  255  255  255  255  255  255  255  255  255  255  255 
 255  255  255  255  255  255  255  255  255  255  255  255  255  255  255  255 
 2  2  2  255  255  3  3  3  255  255  1  1  9  255  255  0 
 5  5  5  255  255  6  6  6  255  255  7  7  7  255  255  1 
 6  0  6  0  6  7  0  7  0  7  8  0  8  0  8  2 
 31  3  3  3  11  255  255  255  255  255  255  255  255  255  255  255 
 255  255  255  255  255  255  255  255  255  255  255  255  255  255  255  255 
 255  255  255  255  255  255  255  255  255  255  255  255  255  255  255  255 
 255  255  255  255  255  255  255  255  255  255  255  255  255  255  255  255 
 255  255  255  255  255  255  255  255  255  255  255  255  255  255  255  255 
 255  255  255  255  255  255  255  255  255  255  255  255  255  255  255  255 
 255  255  255  255  255  255  255  255  255  255  255  255  255  255  255  255 
 255  255  255  255  255  255  255  255  255  255  255  255  255  255  255  255 
 255  255  255  255  255  255  255  255  255  255  255  255  255  255  255  255 
 255  255  255  255  255  255  255  255  255  255  255  255  255  255  255  255 
 255  255  255  255  255  255  255  255  255  255  255  255  255  255  255  255 
 255  255  255  255  255  255  255  255  255  255  255  255  255  255  255  255 
 255  255  255  255  255  255  255  255  255  255  255  255  255  255  255  255 
 255  255  255  255  255  255  255  255  255  255  255  255  255  255  255  255 
 255  255  255  255  255  255  255  255  255  255  255  255  255  255  255  255 
 255  255  255  255  255  255  255  255  255  255  255  255  255  255  255  255 
 255  255  255  255  255  255  255  255  255  255  255  255  255  255  255  255 
 255  255  255  255  255  255  255  255  255  255  255  255  255  255  255  255 
 255  255  255  255  255  255  255  255  255  255  255  255  255  255  255  255 
 255  255  255  255  255  255  255  255  255  255  255  255  255  255  255  255 
 255  255  255  255  255  255  255  255  255  255  255  255  255  255  255  255 
 255  255  255  255  255  255  255  255  255  255  255  255  255  255  255  255 
 255  255  255  255  255  255  255  255  255  255  255  255  255  255  255  255 
 3  0  0  3  0  0  5  0  1  3  0  0  0  0  2  0 
 3  0  0  0  5  2  2  0  0  0  0  0  0  3  1  2 
 1  0  0  1  5  0  0  0  1  0  31  0  1  0  128  0 
 0  25  21  45  0  25  21  45  0  0  0  0  0  0  0  0 
 255  255  255  255  255  255  255  255  255  255  255  255  255  255  255  255 
 255  0  255  255  255  255  1  1  255  255  255  255  255  255  255  255 
 255  255  255  255  255  255  255  255  255  255  255  255  255  255  255  255 
 255  255  255  255  255  255  255  255  255  255  255  255  255  255  255  255 
 255  255  255  255  255  255  255  255  255  255  255  255  255  255  255  255 
 255  255  255  255  255  255  255  255  255  255  255  255  255  255  255  255 
 255  255  255  255  255  255  255  255  255  255  255  255  255  255  255  255 
 255  255  255  255  255  255  255  255  255  255  255  255  255  255  255  255 
 255  255  255  255  255  255  255  255  255  255  255  255  255  255  255  255 
 255  255  255  255  255  255  255  255  255  255  255  255  255  255  255  255 
 255  255  255  255  255  255  255  255  1  3  6  0  2  5  0  0 
 0  0  0  0  0  0  0  0  0  0  0  255  0  0  80  0 
 255  255  255  255  255  255  255  255  4  7  0  6  2  5  0  0 
 0  0  0  0  0  0  255  255  255  255  1  255  0  0  80  0 
 32  32  32  70  77  32  32  32  54  53  45  55  53  77  255  255 
 32  32  32  70  77  32  32  55  54  45  49  48  56  77  255  255 
 255  255  255  255  255  255  255  255  255  255  255  255  255  255  255  255 
 255  255  255  255  255  255  255  255  255  255  255  255  255  255  255  255 
 255  255  255  255  255  255  255  255  255  255  255  255  255  255  255  255 
 255  255  255  255  255  255  255  255  255  255  255  255  255  255  255  255 
 255  255  255  255  255  255  255  255  255  255  255  255  255  255  255  255 
 255  255  255  255  255  255  255  255  255  255  255  255  255  255  255  255 
 255  255  255  255  255  255  255  255  255  255  255  255  255  255  255  255 
 255  255  255  255  255  255  255  255  255  255  255  255  255  255  255  255 
 255  255  255  255  255  255  255  255  255  255  255  255  255  255  255  255 
 255  255  255  255  255  255  255  255  255  255  255  255  255  255  255  255 
 255  255  255  255  255  255  255  255  255  255  255  255  255  255  255  255 
 255  255  255  255  255  255  255  255  255  255  255  255  255  255  255  255 
 255  255  255  255  255  255  255  255  255  255  255  255  255  255  255  255 
 255  255  255  255  255  255  255  255  255  255  255  255  255  255  255  255 
 255  255  255  255  255  255  255  255  255  255  255  255  255  255  255  255 
 255  255  255  255  255  255  255  255  255  255  255  255  255  255  255  255 
 255  255  255  255  255  255  255  255  255  255  255  255  255  255  255  255 
 255  255  255  255  255  255  255  255  255  255  255  255  255  255  255  255 
 255  255  255  255  255  255  255  255  255  255  255  255  255  255  255  255 
 255  255  255  255  255  255  255  255  255  255  255  255  255  255  255  255 
 255  255  255  255  255  255  255  255  255  255  255  255  255  255  255  255 
 255  255  255  255  255  255  255  255  255  255  255  255  255  255  255  255 
 255  255  255  255  255  255  255  255  255  255  255  255  255  255  255  255 
 255  255  255  255  255  255  255  255  255  255  255  255  255  255  255  255 
 255  255  255  255  255  255  255  255  255  255  255  255  255  255  255  255 
 255  255  255  255  255  255  255  255  255  255  255  255  255  255  255  255 
 255  255  255  255  255  255  255  255  255  255  255  255  255  255  255  255 
 255  255  255  255  255  255  255  255  255  255  255  255  255  255  255  255 
 255  255  255  255  255  255  255  255  255  255  255  255  255  255  255  255 
 255  255  255  255  255  255  255  255  255  255  255  255  255  255  255  255 
 255  255  255  255  255  255  255  255  255  255  255  255  255  255  255  255 
 255  255  255  255  255  255  255  255  255  255  255  255  255  255  255  255 
 255  255  255  255  255  255  255  255  255  255  255  255  255  255  255  255 
 255  255  255  255  255  255  255  255  255  255  255  255  255  255  255  255 
 255  255  255  255  255  255  255  255  255  255  255  255  255  255  255  255 
 255  255  255  255  255  255  255  255  255  255  255  255  255  255  255  255 
 255  255  255  255  255  255  255  255  255  255  255  255  255  255  255  255 
 255  255  255  255  255  255  255  255  255  255  255  255  255  255  255  255 
 255  255  255  255  255  255  255  255  255  255  255  255  255  255  255  255 
 255  255  255  255  255  255  255  255  255  255  255  255  255  255  255  255 
 255  255  255  255  255  255  255  255  255  255  255  255  255  255  255  255 
 255  255  255  255  255  255  255  255  255  255  255  255  255  255  255  255 
 255  255  255  255  255  255  255  255  255  255  255  255  255  255  255  255 
 255  255  255  255  255  255  255  255  255  255  255  255  255  255  255  255 
 255  255  255  255  255  255  255  255  255  255  255  255  255  255  255  255 
 255  255  255  255  255  255  255  255  255  255  255  255  255  255  255  255 
 255  255  255  255  255  255  255  255  255  255  255  255  255  255  255  255 
 255  255  255  255  255  255  255  255  255  255  255  255  255  255  255  255 
 255  255  255  255  255  255  255  255  255  255  255  255  255  255  255  255 
 255  255  255  255  255  255  255  255  255  255  255  255  255  255  255  255 
 255  255  255  255  255  255  255  255  255  255  255  255  255  255  255  255 
 255  255  255  255  255  255  255  255  255  255  255  255  255  255  255  255 
 255  255  255  255  255  255  255  255  255  255  255  255  255  255  255  255 
 255  255  255  255  255  255  255  255  255  255  255  255  255  255  255  255 
 255  255  255  255  255  255  255  255  255  255  255  255  255  255  255  255 
 255  255  255  255  255  255  255  255  255  255  255  255  255  255  255  255 
 255  255  255  255  255  255  255  255  255  255  255  255  255  255  255  255 
 255  255  255  255  255  255  255  255  255  255  255  255  255  255  255  255 
 255  255  255  255  255  255  255  255  255  255  255  255  255  255  255  255 
 255  255  255  255  255  255  255  255  255  255  255  255  255  255  255  255 
 255  255  255  255  255  255  255  255  255  255  255  255  255  255  255  255 
 255  255  255  255  255  255  255  255  255  255  255  255  255  255  255  255 
 255  255  255  255  255  255  255  255  255  255  255  255  255  255  255  255 
 255  255  255  255  255  255  255  255  255  255  255  255  255  255  255  255 
 255  255  255  255  255  255  255  255  255  255  255  255  255  255  255  255 
 255  255  255  255  255  255  255  255  255  255  255  255  255  255  255  255 
 255  255  255  255  255  255  255  255  255  255  255  255  255  255  255  255 
 255  255  255  255  255  255  255  255  255  255  255  255  255  255  255  255 
 255  255  255  255  255  255  255  255  255  255  255  255  255  255  255  255 
 255  255  255  255  255  255  255  255  255  255  255  255  255  255  255  255 
 255  255  255  255  255  255  255  255  255  255  255  255  255  255  255  255 
 255  255  255  255  255  255  255  255  255  255  255  255  255  255  255  255 
 255  255  255  255  255  255  255  255  255  255  255  255  255  255  255  255 
 255  255  255  255  255  255  255  255  255  255  255  255  255  255  255  255 
 255  255  255  255  255  255  255  255  255  255  255  255  255  255  255  255 
 255  255  255  255  255  255  255  255  255  255  255  255  255  255  255  255 
 255  255  255  255  255  255  255  255  255  255  255  255  255  255  255  255 
 255  255  255  255  255  255  255  255  255  255  255  255  255  255  255  255 
 255  255  255  255  255  255  255  255  255  255  255  255  255  255  255  255 
 255  255  255  255  255  255  255  255  255  255  255  255  255  255  255  255 
 255  255  255  255  255  255  255  255  255  255  255  255  255  255  255  255 
 255  255  255  255  255  255  255  255  255  255  255  255  255  255  255  255 
 255  255  255  255  255  255  255  255  255  255  255  255  255  255  255  255 
 255  255  255  255  255  255  255  255  255  255  255  255  255  255  255  255 
 255  255  255  255  255  255  255  255  255  255  255  255  255  255  255  255 
 255  255  255  255  255  255  255  255  255  255  255  255  255  255  255  255 
 255  255  255  255  255  255  255  255  255  255  255  255  255  255  255  255 
 255  255  255  255  255  255  255  255  255  255  255  255  255  255  255  255 
 255  255  255  255  255  255  255  255  255  255  255  255  255  255  255  255 
 255  255  255  255  255  255  255  255  255  255  255  255  255  255  255  255 
 255  255  255  255  255  255  255  255  255  255  255  255  255  255  255  255 
 255  255  255  255  255  255  255  255  255  255  255  255  255  255  255  255 
 255  255  255  255  255  255  255  255  255  255  255  255  255  255  255  255 
 255  255  255  255  255  255  255  255  255  255  255  255  255  255  255  255 
 255  255  255  255  255  255  255  255  255  255  255  255  255  255  255  255 
 255  255  255  255  255  255  255  255  255  255  255  255  255  255  255  255 
 255  255  255  255  255  255  255  255  255  255  255  255  255  255  255  255 
 255  255  255  255  255  255  255  255  255  255  255  255  255  255  255  255 
 255  255  255  255  255  255  255  255  255  255  255  255  255  255  255  255 
 255  255  255  255  255  255  255  255  255  255  255  255  255  255  255  255 
 255  255  255  255  255  255  255  255  255  255  255  255  255  255  255  255 
 255  255  255  255  255  255  255  255  255  255  255  255  255  255  255  255 
 255  255  255  255  255  255  255  255  255  255  255  255  255  255  255  255 
 255  255  255  255  255  255  255  255  255  255  255  255  255  255  255  255 
 255  255  255  255  255  255  255  255  255  255  255  255  255  255  255  255 
 255  255  255  255  255  255  255  255  255  255  255  255  255  255  255  255 
 255  255  255  255  255  255  255  255  255  255  255  255  255  255  255  255 
 255  255  255  255  255  255  255  255  255  255  255  255  255  255  255  255 
 255  255  255  255  255  255  255  255  255  255  255  255  255  255  255  255 
 255  255  255  255  255  255  255  255  255  255  255  255  255  255  255  255 
 255  255  255  255  255  255  255  255  255  255  255  255  255  255  255  255 
 255  255  255  255  255  255  255  255  255  255  255  255  255  255  255  255 
 255  255  255  255  255  255  255  255  255  255  255  255  255  255  255  255 
 255  255  255  255  255  255  255  255  255  255  255  255  255  255  255  255 
 255  255  255  255  255  255  255  255  255  255  255  255  255  255  255  255 
 255  255  255  255  255  255  255  255  255  255  255  255  255  255  255  255 
 255  255  255  255  255  255  255  255  255  255  255  255  255  255  255  255 
 255  255  255  255  255  255  255  255  255  255  255  255  255  255  255  255 
 255  255  255  255  255  255  255  255  255  255  255  255  255  255  255  255 
 255  255  255  255  255  255  255  255  255  255  255  255  255  255  255  255 
 255  255  255  255  255  255  255  255  255  255  255  255  255  255  255  255 
 255  255  255  255  255  255  255  255  255  255  255  255  255  255  255  255 
 255  255  255  255  255  255  255  255  255  255  255  255  255  255  255  255 
 255  255  255  255  255  255  255  255  255  255  255  255  255  255  255  255 
 255  255  255  255  255  255  255  255  255  255  255  255  255  255  255  255 
 255  255  255  255  255  255  255  255  255  255  255  255  255  255  255  255 
 255  255  255  255  255  255  255  255  255  255  255  255  255  255  255  255 
 255  255  255  255  255  255  255  255  255  255  255  255  255  255  255  255 
 255  255  255  255  255  255  255  255  255  255  255  255  255  255  255  255 
 255  255  255  255  255  255  255  255  255  255  255  255  255  255  255  255 
 255  255  255  255  255  255  255  255  255  255  255  255  255  255  255  255 
 255  255  255  255  255  255  255  255  255  255  255  255  255  255  255  255 
 255  255  255  255  255  255  255  255  255  255  255  255  255  255  255  255 
 255  255  255  255  255  255  255  255  255  255  255  255  255  255  255  255 
 255  255  255  255  255  255  255  255  255  255  255  255  255  255  255  255 
 255  255  255  255  255  255  255  255  255  255  255  255  255  255  255  255 
 255  255  255  255  255  255  255  255  255  255  255  255  255  255  255  255 
 255  255  255  255  255  255  255  255  255  255  255  255  255  255  255  255 
 255  255  255  255  255  255  255  255  255  255  255  255  255  255  255  255 
 255  255  255  255  255  255  255  255  255  255  255  255  255  255  255  255 
 255  255  255  255  255  255  255  255  255  255  255  255  255  255  255  255 
 255  255  255  255  255  255  255  255  255  255  255  255  255  255  255  255 
 255  255  255  255  255  255  255  255  255  255  255  255  255  255  255  255 
 255  255  255  255  255  255  255  255  255  255  255  255  255  255  255  255 
 255  255  255  255  255  255  255  255  255  255  255  255  255  255  255  255 
 255  255  255  255  255  255  255  255  255  255  255  255  255  255  255  255 
 255  255  255  255  255  255  255  255  255  255  255  255  255  255  255  255 
 255  255  255  255  255  255  255  255  255  255  255  255  255  255  255  255 
 255  255  255  255  255  255  255  255  255  255  255  255  255  255  255  255 
 255  255  255  255  255  255  255  255  255  255  255  255  255  255  255  255 
 255  255  255  255  255  255  255  255  255  255  255  255  255  255  255  255 
 255  255  255  255  255  255  255  255  255  255  255  255  255  255  255  255 
 255  255  255  255  255  255  255  255  255  255  255  255  255  255  255  255 
 255  255  255  255  255  255  255  255  255  255  255  255  255  255  255  255 
 255  255  255  255  255  255  255  255  255  255  255  255  255  255  255  255 
 255  255  255  255  255  255  255  255  255  255  255  255  255  255  255  255 
 255  255  255  255  255  255  255  255  255  255  255  255  255  255  255  255 
 255  255  255  255  255  255  255  255  255  255  255  255  255  255  255  255 
 255  255  255  255  255  255  255  255  255  255  255  255  255  255  255  255 
 255  255  255  255  255  255  255  255  255  255  255  255  255  255  255  255 
 255  255  255  255  255  255  255  255  255  255  255  255  255  255  255  255 
 255  255  255  255  255  255  255  255  255  255  255  255  255  255  255  255 
 255  255  255  255  255  255  255  255  255  255  255  255  255  255  255  255 
 255  255  255  255  255  255  255  255  255  255  255  255  255  255  255  255 
 255  255  255  255  255  255  255  255  255  255  255  255  255  255  255  255 
 255  255  255  255  255  255  255  255  255  255  255  255  255  255  255  255 
 255  255  255  255  255  255  255  255  255  255  255  255  255  255  255  255 
 255  255  255  255  255  255  255  255  255  255  255  255  255  255  255  255 
 255  255  255  255  255  255  255  255  255  255  255  255  255  255  255  255 
 255  255  255  255  255  255  255  255  255  255  255  255  255  255  255  255 
 255  255  255  255  255  255  255  255  255  255  255  255  255  255  255  255 
 255  255  255  255  255  255  255  255  255  255  255  255  255  255  255  255 
 255  255  255  255  255  255  255  255  255  255  255  255  255  255  255  255 
 255  255  255  255  255  255  255  255  255  255  255  255  255  255  255  255 
 255  255  255  255  255  255  255  255  255  255  255  255  255  255  255  255 
 255  255  255  255  255  255  255  255  255  255  255  255  255  255  255  255 
 255  255  255  255  255  255  255  255  255  255  255  255  255  255  255  255 
 255  255  255  255  255  255  255  255  255  255  255  255  255  255  255  255 
 255  255  255  255  255  255  255  255  255  255  255  255  255  255  255  255 
 255  255  255  255  255  255  255  255  255  255  255  255  255  255  255  255 
 255  255  255  255  255  255  255  255  255  255  255  255  255  255  255  255 
 255  255  255  255  255  255  255  255  255  255  255  255  255  255  255  255 
 255  255  255  255  255  255  255  255  255  255  255  255  255  255  255  255 
 255  255  255  255  255  255  255  255  255  255  255  255  255  255  255  255 
 255  255  255  255  255  255  255  255  255  255  255  255  255  255  255  255 
 255  255  255  255  255  255  255  255  255  255  255  255  255  255  255  255 
 255  255  255  255  255  255  255  255  255  255  255  255  255  255  255  255 
 255  255  255  255  255  255  255  255  255  255  255  255  255  255  255  255 
 255  255  255  255  255  255  255  255  255  255  255  255  255  255  255  255 
 255  255  255  255  255  255  255  255  255  255  255  255  255  255  255  255 
 255  255  255  255  255  255  255  255  255  255  255  255  255  255  255  255 
 255  255  255  255  255  255  255  255  255  255  255  255  255  255  255  255 
 255  255  255  255  255  255  255  255  255  255  255  255  255  255  255  255 
 255  255  255  255  255  255  255  255  255  255  255  255  255  255  255  255 
 255  255  255  255  255  255  255  255  255  255  255  255  255  255  255  255 
 255  255  255  255  255  255  255  255  255  255  255  255  255  255  255  255 
 255  255  255  255  255  255  255  255  255  255  255  255  255  255  255  255 
 255  255  255  255  255  255  255  255  255  255  255  255  255  255  255  255 
 255  255  255  255  255  255  255  255  255  255  255  255  255  255  255  255 
 255  255  255  255  255  255  255  255  255  255  255  255  255  255  255  255 
 255  255  255  255  255  255  255  255  255  255  255  255  255  255  255  255 
 255  255  255  255  255  255  255  255  255  255  255  255  255  255  255  255 
 255  255  255  255  255  255  255  255  255  255  255  255  255  255  255  255 
 255  255  255  255  255  255  255  255  255  255  255  255  255  255  255  255 
 255  255  255  255  255  255  255  255  255  255  255  255  255  255  255  255 
 255  255  255  255  255  255  255  255  255  255  255  255  255  255  255  255 
 255  255  255  255  255  255  255  255  255  255  255  255  255  255  255  255 
 255  255  255  255  255  255  255  255  255  255  255  255  255  255  255  255 
 255  255  255  255  255  255  255  255  255  255  255  255  255  255  255  255 
 255  255  255  255  255  255  255  255  255  255  255  255  255  255  255  255 
 255  255  255  255  255  255  255  255  255  255  255  255  255  255  255  255 
 255  255  255  255  255  255  255  255  255  255  255  255  255  255  255  255 
 255  255  255  255  255  255  255  255  255  255  255  255  255  255  255  255 
 255  255  255  255  255  255  255  255  255  255  255  255  255  255  255  255 
 255  255  255  255  255  255  255  255  255  255  255  255  255  255  255  255 
 255  255  255  255  255  255  255  255  255  255  255  255  255  255  255  255 
 255  255  255  255  255  255  255  255  255  255  255  255  255  255  255  255 
 255  255  255  255  255  255  255  255  255  255  255  255  255  255  255  255 
 255  255  255  255  255  255  255  255  255  255  255  255  255  255  255  255 
 255  255  255  255  255  255  255  255  255  255  255  255  255  255  255  255 
 255  255  255  255  255  255  255  255  255  255  255  255  255  255  255  255 
 255  255  255  255  255  255  255  255  255  255  255  255  255  255  255  255 
 255  255  255  255  255  255  255  255  255  255  255  255  255  255  255  255 
 255  255  255  255  255  255  255  255  255  255  255  255  255  255  255  255 
 255  255  255  255  255  255  255  255  255  255  255  255  255  255  255  255 
 255  255  255  255  255  255  255  255  255  255  255  255  255  255  255  255 
 255  255  255  255  255  255  255  255  255  255  255  255  255  255  255  255 
 255  255  255  255  255  255  255  255  255  255  255  255  255  255  255  255 
 255  255  255  255  255  255  255  255  255  255  255  255  255  255  255  255 
 255  255  255  255  255  255  255  255  255  255  255  255  255  255  255  255 
 255  255  255  255  255  255  255  255  255  255  255  255  255  255  255  255 
 255  255  255  255  255  255  255  255  255  255  255  255  255  255  255  255 
 255  255  255  255  255  255  255  255  255  255  255  255  255  255  255  255 
 255  255  255  255  255  255  255  255  255  255  255  255  255  255  255  255 
 255  255  255  255  255  255  255  255  255  255  255  255  255  255  255  255 
